0_0 4 0.03 0.1 0.06 0.025 0.25
0_1 4 0.03 0.1 0.06 0.05 0.25
0_2 4 0.03 0.1 0.06 0.075 0.25
0_3 4 0.03 0.1 0.06 0.1 0.25
0_4 4 0.03 0.1 0.06 0.125 0.25
0_5 4 0.03 0.1 0.06 0.15 0.25
0_6 4 0.03 0.1 0.06 0.175 0.25
0_7 4 0.03 0.1 0.06 0.2 0.25
0_8 4 0.03 0.1 0.06 0.225 0.25
0_9 4 0.03 0.1 0.06 0.25 0.25
1_0 4 0.03 0.2 0.06 0.025 0.25
1_1 4 0.03 0.2 0.06 0.05 0.25
1_2 4 0.03 0.2 0.06 0.075 0.25
1_3 4 0.03 0.2 0.06 0.1 0.25
1_4 4 0.03 0.2 0.06 0.125 0.25
1_5 4 0.03 0.2 0.06 0.15 0.25
1_6 4 0.03 0.2 0.06 0.175 0.25
1_7 4 0.03 0.2 0.06 0.2 0.25
1_8 4 0.03 0.2 0.06 0.225 0.25
1_9 4 0.03 0.2 0.06 0.25 0.25
2_0 4 0.03 0.3 0.06 0.025 0.25
2_1 4 0.03 0.3 0.06 0.05 0.25
2_2 4 0.03 0.3 0.06 0.075 0.25
2_3 4 0.03 0.3 0.06 0.1 0.25
2_4 4 0.03 0.3 0.06 0.125 0.25
2_5 4 0.03 0.3 0.06 0.15 0.25
2_6 4 0.03 0.3 0.06 0.175 0.25
2_7 4 0.03 0.3 0.06 0.2 0.25
2_8 4 0.03 0.3 0.06 0.225 0.25
2_9 4 0.03 0.3 0.06 0.25 0.25
3_0 4 0.03 0.4 0.06 0.025 0.25
3_1 4 0.03 0.4 0.06 0.05 0.25
3_2 4 0.03 0.4 0.06 0.075 0.25
3_3 4 0.03 0.4 0.06 0.1 0.25
3_4 4 0.03 0.4 0.06 0.125 0.25
3_5 4 0.03 0.4 0.06 0.15 0.25
3_6 4 0.03 0.4 0.06 0.175 0.25
3_7 4 0.03 0.4 0.06 0.2 0.25
3_8 4 0.03 0.4 0.06 0.225 0.25
3_9 4 0.03 0.4 0.06 0.25 0.25
4_0 4 0.03 0.5 0.06 0.025 0.25
4_1 4 0.03 0.5 0.06 0.05 0.25
4_2 4 0.03 0.5 0.06 0.075 0.25
4_3 4 0.03 0.5 0.06 0.1 0.25
4_4 4 0.03 0.5 0.06 0.125 0.25
4_5 4 0.03 0.5 0.06 0.15 0.25
4_6 4 0.03 0.5 0.06 0.175 0.25
4_7 4 0.03 0.5 0.06 0.2 0.25
4_8 4 0.03 0.5 0.06 0.225 0.25
4_9 4 0.03 0.5 0.06 0.25 0.25
5_0 4 0.03 0.6 0.06 0.025 0.25
5_1 4 0.03 0.6 0.06 0.05 0.25
5_2 4 0.03 0.6 0.06 0.075 0.25
5_3 4 0.03 0.6 0.06 0.1 0.25
5_4 4 0.03 0.6 0.06 0.125 0.25
5_5 4 0.03 0.6 0.06 0.15 0.25
5_6 4 0.03 0.6 0.06 0.175 0.25
5_7 4 0.03 0.6 0.06 0.2 0.25
5_8 4 0.03 0.6 0.06 0.225 0.25
5_9 4 0.03 0.6 0.06 0.25 0.25
6_0 4 0.03 0.7 0.06 0.025 0.25
6_1 4 0.03 0.7 0.06 0.05 0.25
6_2 4 0.03 0.7 0.06 0.075 0.25
6_3 4 0.03 0.7 0.06 0.1 0.25
6_4 4 0.03 0.7 0.06 0.125 0.25
6_5 4 0.03 0.7 0.06 0.15 0.25
6_6 4 0.03 0.7 0.06 0.175 0.25
6_7 4 0.03 0.7 0.06 0.2 0.25
6_8 4 0.03 0.7 0.06 0.225 0.25
6_9 4 0.03 0.7 0.06 0.25 0.25
7_0 4 0.03 0.8 0.06 0.025 0.25
7_1 4 0.03 0.8 0.06 0.05 0.25
7_2 4 0.03 0.8 0.06 0.075 0.25
7_3 4 0.03 0.8 0.06 0.1 0.25
7_4 4 0.03 0.8 0.06 0.125 0.25
7_5 4 0.03 0.8 0.06 0.15 0.25
7_6 4 0.03 0.8 0.06 0.175 0.25
7_7 4 0.03 0.8 0.06 0.2 0.25
7_8 4 0.03 0.8 0.06 0.225 0.25
7_9 4 0.03 0.8 0.06 0.25 0.25
8_0 4 0.03 0.9 0.06 0.025 0.25
8_1 4 0.03 0.9 0.06 0.05 0.25
8_2 4 0.03 0.9 0.06 0.075 0.25
8_3 4 0.03 0.9 0.06 0.1 0.25
8_4 4 0.03 0.9 0.06 0.125 0.25
8_5 4 0.03 0.9 0.06 0.15 0.25
8_6 4 0.03 0.9 0.06 0.175 0.25
8_7 4 0.03 0.9 0.06 0.2 0.25
8_8 4 0.03 0.9 0.06 0.225 0.25
8_9 4 0.03 0.9 0.06 0.25 0.25
9_0 4 0.03 1 0.06 0.025 0.25
9_1 4 0.03 1 0.06 0.05 0.25
9_2 4 0.03 1 0.06 0.075 0.25
9_3 4 0.03 1 0.06 0.1 0.25
9_4 4 0.03 1 0.06 0.125 0.25
9_5 4 0.03 1 0.06 0.15 0.25
9_6 4 0.03 1 0.06 0.175 0.25
9_7 4 0.03 1 0.06 0.2 0.25
9_8 4 0.03 1 0.06 0.225 0.25
9_9 4 0.03 1 0.06 0.25 0.25
