one 40e32 1.2e32 0.5 0.03 20 5
two 80e32 2.4e32 0.5 0.03 20 5
three 120e32 3.6e32 0.5 0.03 20 5
four 160e32 4.8e32 0.5 0.03 20 5
five 200e32 6e32 0.5 0.03 20 5
six 240e32 7.2e32 0.5 0.03 20 5
seven 280e32 8.4e32 0.5 0.03 20 5
eight 320e32 9.6e32 0.5 0.03 20 5
nine 360e32 10.8e32 0.5 0.03 20 5
ten 400e32 12e32 0.5 0.03 20 5
eleven 440e32 13.2e32 0.5 0.03 20 5
twelve 480e32 14.4e32 0.5 0.03 20 5
thirteen 520e32 15.6e32 0.5 0.03 20 5
fourteen 560e32 16.8e32 0.5 0.03 20 5
fifteen 600e32 18e32 0.5 0.03 20 5
